5629
6581
7564
8531
9461
10384
11329
13264
14186
15139
16031
16991
17951
18919
19841
20816
21724
22699
23636
24566
25504
26434
28324
29284
30266
31159
32142
33109
34114
34992
35914
36807
37767
38629
39679
40677
41584
43452
44382
45387
46287
47262
48162
49152
50074
51019
52002
52924
53869
54814
55714
56644
57627
58706
59584
60552
61407
62299
63229
64204
65119
66057
67099
68052
68989
69912
70849
71787
73699
74674
75619
76527
77479
78409
79257
80270
81244
82197
83157
84148
85062
86015
86990
88850
89810
90755
91670
92607
93612
94542
95487
96410
97340
98285
99207
100220
101180
102147
